{
 "cells": [
  {
   "cell_type": "code",
   "execution_count": 109,
   "id": "644337c2-8449-4dfd-ae68-5310866c9265",
   "metadata": {},
   "outputs": [
    {
     "name": "stdout",
     "output_type": "stream",
     "text": [
      "Company\n",
      "Pelephone     9\n",
      "wecom         9\n",
      "Cellcom       7\n",
      "Hot Mobile    5\n",
      "Partner       5\n",
      "Name: count, dtype: int64\n",
      "['Pelephone' 'Hot Mobile' 'wecom' 'Partner' 'Cellcom']\n",
      "5\n",
      "      Customer Name Phone Number  Talked Minutes  Internet Minutes  \\\n",
      "27     Sarah Martin  051-6973566              24                91   \n",
      "16      Chad Carter  053-9294578              25               350   \n",
      "28  Gregory Stevens  052-7378700              30               858   \n",
      "7       Jesus Burke  052-8352627              48               467   \n",
      "21      Lacey Henry  051-7222641              58               104   \n",
      "26     Alison Moore  050-6467180             105               579   \n",
      "33     Alison Moore  050-6467180             105               579   \n",
      "20      Diana Scott  051-8932363             134               519   \n",
      "23    Lisa Alvarado  052-1692691             162               389   \n",
      "1         Chad Reed  053-5250617             166               217   \n",
      "34  Jessica Pittman  053-9160566             170               899   \n",
      "24  Jessica Pittman  053-9160566             170               899   \n",
      "4      Nancy Bright  052-8402824             208               770   \n",
      "0   Cynthia Wong MD  050-5380527             231               944   \n",
      "18    Jeffrey Hicks  050-8469039             250                99   \n",
      "14        Keith Lee  052-7653726             256               795   \n",
      "9   Christian Lewis  052-3069795             277               740   \n",
      "13    Timothy Frost  050-5915117             324               429   \n",
      "8   Joanna Buchanan  051-3167949             342               919   \n",
      "10     Amanda Meyer  050-8200916             355               390   \n",
      "15   Evelyn Elliott  051-6233404             369               705   \n",
      "32   Evelyn Elliott  051-6233404             369               705   \n",
      "5      Melinda Ruiz  051-3102790             434               903   \n",
      "31        John Dean  054-2952436             435               817   \n",
      "3         John Dean  054-2952436             435               817   \n",
      "19    Janice Palmer  051-8678768             472               105   \n",
      "2      James Murphy  051-7292166             483               437   \n",
      "6     Kristin Huber  054-8068151             499               592   \n",
      "30     Ryan Aguirre  050-4964995             520               372   \n",
      "25     Ryan Aguirre  050-4964995             520               372   \n",
      "22    Angela Waters  054-5779698             553               201   \n",
      "11   Aaron Melendez  050-8270179             553               871   \n",
      "12    Sierra Morgan  054-6460585             590               614   \n",
      "29  Jennifer Zavala  053-8258482             591               202   \n",
      "17    Matthew Mills  052-7974129             670               571   \n",
      "\n",
      "   Start Subscription First Name     Company User Type  \n",
      "27         2023-04-12      Sarah       wecom    Surfer  \n",
      "16         2020-10-06       Chad  Hot Mobile    Surfer  \n",
      "28         2022-08-09    Gregory     Cellcom    Surfer  \n",
      "7          2020-10-19      Jesus     Cellcom    Surfer  \n",
      "21         2023-06-20      Lacey       wecom    Surfer  \n",
      "26         2020-11-29     Alison   Pelephone    Surfer  \n",
      "33         2020-11-29     Alison   Pelephone    Surfer  \n",
      "20         2021-04-26      Diana       wecom    Surfer  \n",
      "23         2021-07-28       Lisa     Cellcom    Surfer  \n",
      "1          2022-11-28       Chad  Hot Mobile    Surfer  \n",
      "34         2023-03-23    Jessica  Hot Mobile    Surfer  \n",
      "24         2023-03-23    Jessica  Hot Mobile    Surfer  \n",
      "4          2022-10-10      Nancy     Cellcom    Surfer  \n",
      "0          2022-09-14    Cynthia   Pelephone    Surfer  \n",
      "18         2022-05-07    Jeffrey   Pelephone    Talker  \n",
      "14         2022-10-28      Keith     Cellcom    Surfer  \n",
      "9          2023-04-11  Christian     Cellcom    Surfer  \n",
      "13         2020-02-28    Timothy   Pelephone    Surfer  \n",
      "8          2023-12-17     Joanna       wecom    Surfer  \n",
      "10         2023-02-03     Amanda   Pelephone    Surfer  \n",
      "15         2022-10-17     Evelyn       wecom    Surfer  \n",
      "32         2022-10-17     Evelyn       wecom    Surfer  \n",
      "5          2022-02-23    Melinda       wecom    Surfer  \n",
      "31         2021-01-06       John     Partner    Surfer  \n",
      "3          2021-01-06       John     Partner    Surfer  \n",
      "19         2021-10-04     Janice       wecom    Talker  \n",
      "2          2021-04-06      James       wecom    Talker  \n",
      "6          2023-01-18    Kristin     Partner    Surfer  \n",
      "30         2023-11-07       Ryan   Pelephone    Talker  \n",
      "25         2023-11-07       Ryan   Pelephone    Talker  \n",
      "22         2020-10-19     Angela     Partner    Talker  \n",
      "11         2023-01-29      Aaron   Pelephone    Surfer  \n",
      "12         2023-04-17     Sierra     Partner    Surfer  \n",
      "29         2020-06-29   Jennifer  Hot Mobile    Talker  \n",
      "17         2022-07-08    Matthew     Cellcom    Talker  \n",
      "      Customer Name Phone Number  Talked Minutes  Internet Minutes  \\\n",
      "27     Sarah Martin  051-6973566              24                91   \n",
      "16      Chad Carter  053-9294578              25               350   \n",
      "28  Gregory Stevens  052-7378700              30               858   \n",
      "7       Jesus Burke  052-8352627              48               467   \n",
      "21      Lacey Henry  051-7222641              58               104   \n",
      "26     Alison Moore  050-6467180             105               579   \n",
      "33     Alison Moore  050-6467180             105               579   \n",
      "20      Diana Scott  051-8932363             134               519   \n",
      "23    Lisa Alvarado  052-1692691             162               389   \n",
      "1         Chad Reed  053-5250617             166               217   \n",
      "24  Jessica Pittman  053-9160566             170               899   \n",
      "34  Jessica Pittman  053-9160566             170               899   \n",
      "4      Nancy Bright  052-8402824             208               770   \n",
      "0   Cynthia Wong MD  050-5380527             231               944   \n",
      "18    Jeffrey Hicks  050-8469039             250                99   \n",
      "14        Keith Lee  052-7653726             256               795   \n",
      "9   Christian Lewis  052-3069795             277               740   \n",
      "13    Timothy Frost  050-5915117             324               429   \n",
      "8   Joanna Buchanan  051-3167949             342               919   \n",
      "10     Amanda Meyer  050-8200916             355               390   \n",
      "15   Evelyn Elliott  051-6233404             369               705   \n",
      "32   Evelyn Elliott  051-6233404             369               705   \n",
      "5      Melinda Ruiz  051-3102790             434               903   \n",
      "3         John Dean  054-2952436             435               817   \n",
      "31        John Dean  054-2952436             435               817   \n",
      "19    Janice Palmer  051-8678768             472               105   \n",
      "2      James Murphy  051-7292166             483               437   \n",
      "6     Kristin Huber  054-8068151             499               592   \n",
      "25     Ryan Aguirre  050-4964995             520               372   \n",
      "30     Ryan Aguirre  050-4964995             520               372   \n",
      "22    Angela Waters  054-5779698             553               201   \n",
      "11   Aaron Melendez  050-8270179             553               871   \n",
      "12    Sierra Morgan  054-6460585             590               614   \n",
      "29  Jennifer Zavala  053-8258482             591               202   \n",
      "17    Matthew Mills  052-7974129             670               571   \n",
      "\n",
      "   Start Subscription First Name     Company User Type  \n",
      "27         2023-04-12      Sarah       wecom    Surfer  \n",
      "16         2020-10-06       Chad  Hot Mobile    Surfer  \n",
      "28         2022-08-09    Gregory     Cellcom    Surfer  \n",
      "7          2020-10-19      Jesus     Cellcom    Surfer  \n",
      "21         2023-06-20      Lacey       wecom    Surfer  \n",
      "26         2020-11-29     Alison   Pelephone    Surfer  \n",
      "33         2020-11-29     Alison   Pelephone    Surfer  \n",
      "20         2021-04-26      Diana       wecom    Surfer  \n",
      "23         2021-07-28       Lisa     Cellcom    Surfer  \n",
      "1          2022-11-28       Chad  Hot Mobile    Surfer  \n",
      "24         2023-03-23    Jessica  Hot Mobile    Surfer  \n",
      "34         2023-03-23    Jessica  Hot Mobile    Surfer  \n",
      "4          2022-10-10      Nancy     Cellcom    Surfer  \n",
      "0          2022-09-14    Cynthia   Pelephone    Surfer  \n",
      "18         2022-05-07    Jeffrey   Pelephone    Talker  \n",
      "14         2022-10-28      Keith     Cellcom    Surfer  \n",
      "9          2023-04-11  Christian     Cellcom    Surfer  \n",
      "13         2020-02-28    Timothy   Pelephone    Surfer  \n",
      "8          2023-12-17     Joanna       wecom    Surfer  \n",
      "10         2023-02-03     Amanda   Pelephone    Surfer  \n",
      "15         2022-10-17     Evelyn       wecom    Surfer  \n",
      "32         2022-10-17     Evelyn       wecom    Surfer  \n",
      "5          2022-02-23    Melinda       wecom    Surfer  \n",
      "3          2021-01-06       John     Partner    Surfer  \n",
      "31         2021-01-06       John     Partner    Surfer  \n",
      "19         2021-10-04     Janice       wecom    Talker  \n",
      "2          2021-04-06      James       wecom    Talker  \n",
      "6          2023-01-18    Kristin     Partner    Surfer  \n",
      "25         2023-11-07       Ryan   Pelephone    Talker  \n",
      "30         2023-11-07       Ryan   Pelephone    Talker  \n",
      "22         2020-10-19     Angela     Partner    Talker  \n",
      "11         2023-01-29      Aaron   Pelephone    Surfer  \n",
      "12         2023-04-17     Sierra     Partner    Surfer  \n",
      "29         2020-06-29   Jennifer  Hot Mobile    Talker  \n",
      "17         2022-07-08    Matthew     Cellcom    Talker  \n",
      "      Customer Name Phone Number  Talked Minutes  Internet Minutes  \\\n",
      "17    Matthew Mills  052-7974129             670               571   \n",
      "29  Jennifer Zavala  053-8258482             591               202   \n",
      "12    Sierra Morgan  054-6460585             590               614   \n",
      "11   Aaron Melendez  050-8270179             553               871   \n",
      "22    Angela Waters  054-5779698             553               201   \n",
      "\n",
      "   Start Subscription First Name     Company User Type  \n",
      "17         2022-07-08    Matthew     Cellcom    Talker  \n",
      "29         2020-06-29   Jennifer  Hot Mobile    Talker  \n",
      "12         2023-04-17     Sierra     Partner    Surfer  \n",
      "11         2023-01-29      Aaron   Pelephone    Surfer  \n",
      "22         2020-10-19     Angela     Partner    Talker  \n",
      "    Customer Name Phone Number  Talked Minutes  Internet Minutes  \\\n",
      "27   Sarah Martin  051-6973566              24                91   \n",
      "18  Jeffrey Hicks  050-8469039             250                99   \n",
      "21    Lacey Henry  051-7222641              58               104   \n",
      "\n",
      "   Start Subscription First Name    Company User Type  \n",
      "27         2023-04-12      Sarah      wecom    Surfer  \n",
      "18         2022-05-07    Jeffrey  Pelephone    Talker  \n",
      "21         2023-06-20      Lacey      wecom    Surfer  \n",
      "      Customer Name Phone Number  Talked Minutes  Internet Minutes  \\\n",
      "30     Ryan Aguirre  050-4964995             520               372   \n",
      "31        John Dean  054-2952436             435               817   \n",
      "32   Evelyn Elliott  051-6233404             369               705   \n",
      "33     Alison Moore  050-6467180             105               579   \n",
      "34  Jessica Pittman  053-9160566             170               899   \n",
      "\n",
      "   Start Subscription First Name     Company User Type  \n",
      "30         2023-11-07       Ryan   Pelephone    Talker  \n",
      "31         2021-01-06       John     Partner    Surfer  \n",
      "32         2022-10-17     Evelyn       wecom    Surfer  \n",
      "33         2020-11-29     Alison   Pelephone    Surfer  \n",
      "34         2023-03-23    Jessica  Hot Mobile    Surfer  \n",
      "    Customer Name Phone Number\n",
      "12  Sierra Morgan  054-6460585\n",
      "6   Kristin Huber  054-8068151\n",
      "27   Sarah Martin  051-6973566\n"
     ]
    }
   ],
   "source": [
    "import pandas as pd\n",
    "mobile = pd.read_csv('mobile.csv')\n",
    "#1\n",
    "def first_name(s):\n",
    "    r = 0\n",
    "    for i in s:\n",
    "        if i != ' ':\n",
    "            r += 1\n",
    "        else:\n",
    "            return(s[0:r])\n",
    "\n",
    "#2\n",
    "def set_company(s):\n",
    "    match s:\n",
    "        case '050':\n",
    "            return 'Pelephone'\n",
    "        case '051': \n",
    "            return 'wecom'\n",
    "        case '052':\n",
    "            return 'Cellcom'\n",
    "        case '053':\n",
    "            return'Hot Mobile'\n",
    "        case '054':\n",
    "            return 'Partner'\n",
    "\n",
    "    \n",
    "mobile['First Name'] = mobile['Customer Name'].apply(first_name)\n",
    "mobile['Company'] = mobile['Phone Number'].apply(lambda x: x[:3])\n",
    "mobile['Company'] = mobile['Company'].apply(set_company)\n",
    "\n",
    "#3\n",
    "print(mobile['Company'].value_counts())\n",
    "print(mobile['Company'].unique())\n",
    "print(mobile['Company'].nunique())\n",
    "\n",
    "#4\n",
    "mobile['User Type'] = mobile.apply(lambda row: 'Talker' if row['Talked Minutes'] > row['Internet Minutes'] else 'Surfer', axis=1)\n",
    "import numpy as np\n",
    "mobile['User Type'] = np.vectorize(lambda talker, internet: 'Talker' if talker > internet else 'Surfer')(mobile['Talked Minutes'], mobile['Internet Minutes'])\n",
    "\n",
    "#5\n",
    "print(mobile.sort_values(['Talked Minutes']))\n",
    "\n",
    "#6\n",
    "print(mobile.sort_values(['Talked Minutes', 'Internet Minutes']))\n",
    "\n",
    "#7\n",
    "print(mobile.nlargest(5,'Talked Minutes'))\n",
    "\n",
    "#8 \n",
    "print(mobile.nsmallest(3,'Internet Minutes'))\n",
    "\n",
    "#9\n",
    "print(mobile[mobile.duplicated()])\n",
    "mobile.drop_duplicates()\n",
    "\n",
    "#10\n",
    "print(mobile.sample(n = 3)[['Customer Name', 'Phone Number']])\n"
   ]
  }
 ],
 "metadata": {
  "kernelspec": {
   "display_name": "Python 3 (ipykernel)",
   "language": "python",
   "name": "python3"
  },
  "language_info": {
   "codemirror_mode": {
    "name": "ipython",
    "version": 3
   },
   "file_extension": ".py",
   "mimetype": "text/x-python",
   "name": "python",
   "nbconvert_exporter": "python",
   "pygments_lexer": "ipython3",
   "version": "3.12.7"
  }
 },
 "nbformat": 4,
 "nbformat_minor": 5
}
